STARLINK-33531          
1 63399U 25065A   25118.91668981  .00036646  00000+0  62811-3 0  9998
2 63399  43.0000  93.6896 0001447 254.2757 199.4531 15.50553998  5397
STARLINK-33652          
1 63400U 25065B   25119.09283479  .00000119  00000+0  78551-5 0  9992
2 63400  43.0037  92.6615 0001621 272.7968  87.2707 15.50571397  5416
STARLINK-33707          
1 63401U 25065C   25119.16667824 -.01528079  00000+0 -37169-1 0  9990
2 63401  42.9999  92.2924 0001400 280.3379 104.8004 15.43297915  5146
STARLINK-33668          
1 63402U 25065D   25119.22096971  .00005032  00000+0  91658-4 0  9999
2 63402  43.0025  91.8973 0001359 283.0464  77.0244 15.50544844  5383
STARLINK-33676          
1 63403U 25065E   25119.00002315 -.00035236  00000+0 -59720-3 0  9999
2 63403  42.9998  93.1842 0001427 262.4168 304.6964 15.50592486  5348
STARLINK-33711          
1 63404U 25065F   25119.16667824 -.01535809  00000+0 -34055-1 0  9993
2 63404  42.9997  92.2295 0001461 281.2630 129.3825 15.46003201  5425
STARLINK-33708          
1 63405U 25065G   25119.00002315 -.00008526  00000+0 -13964-3 0  9993
2 63405  42.9998  93.1793 0001511 259.8403 309.1899 15.50582807  5399
STARLINK-33690          
1 63406U 25065H   25119.16667824 -.01533287  00000+0 -31595-1 0  9999
2 63406  42.9997  92.2049 0001490 282.2214 138.5813 15.48093756  5420
STARLINK-33694          
1 63407U 25065J   25118.91668981  .00022513  00000+0  38849-3 0  9990
2 63407  42.9998  93.3803 0001570 256.2551 321.4405 15.50576731  5440
STARLINK-33692          
1 63408U 25065K   25119.13510046 -.00000154  00000+0  32062-5 0  9995
2 63408  43.0001  92.0967 0001480 261.2688  98.8004 15.50567960  5413
STARLINK-33693          
1 63409U 25065L   25118.91668981  .00026405  00000+0  45509-3 0  9997
2 63409  42.9997  93.3851 0001632 272.8527 302.9919 15.50535737  5399
STARLINK-33677          
1 63410U 25065M   25115.75002315 -.01360559  00000+0 -24716-1 0  9990
2 63410  42.9996 111.8924 0001408 274.1579 248.8263 15.51750619  4893
STARLINK-33647          
1 63411U 25065N   25119.16667824 -.01860865  00000+0 -46503-1 0  9995
2 63411  42.9996  91.9772 0001360 280.4282 231.1881 15.42614581  5429
STARLINK-33645          
1 63412U 25065P   25119.16667824 -.01318162  00000+0 -26767-1 0  9994
2 63412  43.0004  90.0166 0001160 266.2227 308.7915 15.48545572  5224
STARLINK-33670          
1 63413U 25065Q   25118.91668981  .00001163  00000+0  25650-4 0  9992
2 63413  42.9996  92.4388 0001653 275.9926 321.0302 15.50576870  5399
STARLINK-33644          
1 63414U 25065R   25119.22930675 -.00385576  00000+0 -64393-2 0  9990
2 63414  42.9996  90.1712 0001322 252.4163 107.6553 15.52480127  5287
STARLINK-33664          
1 63415U 25065S   25118.91668981  .00007726  00000+0  13741-3 0  9992
2 63415  42.9996  92.4338 0001598 275.0308 323.9073 15.50574435  5288
STARLINK-33649          
1 63416U 25065T   25115.75002315 -.01492945  00000+0 -17773-1 0  9996
2 63416  42.9995 110.7083 0001593 267.0033  11.3818 15.63178243  4780
STARLINK-33535          
1 63417U 25065U   25119.16667824 -.01533312  00000+0 -27261-1 0  9995
2 63417  43.0001  90.5329 0001311 275.9858  97.5128 15.52217790  5432
STARLINK-33703          
1 63418U 25065V   25119.16667824 -.01537448  00000+0 -27339-1 0  9996
2 63418  43.0001  90.5376 0001529 279.6240  91.9580 15.52219262  5270
STARLINK-33709          
1 63419U 25065W   25119.16667824 -.01533671  00000+0 -27267-1 0  9991
2 63419  43.0002  90.5227 0001491 282.3288  95.0032 15.52217387  5271
STARLINK-33698          
1 63420U 25065X   25119.16667824 -.01527405  00000+0 -27147-1 0  9998
2 63420  43.0001  90.5282 0001570 278.1622  97.2541 15.52213694  5272
STARLINK-33606          
1 63421U 25065Y   25119.16667824 -.01530966  00000+0 -27215-1 0  9991
2 63421  43.0002  90.5183 0001615 278.0120 101.2388 15.52215232  5271
STARLINK-33686          
1 63422U 25065Z   25115.75002315 -.01492789  00000+0 -17771-1 0  9997
2 63422  42.9995 110.7022 0001576 268.2207  12.0810 15.63178298  4787
STARLINK-33675          
1 63423U 25065AA  25115.75002315 -.01490599  00000+0 -17744-1 0  9995
2 63423  42.9995 110.6930 0001489 265.6804  18.4577 15.63176078  4786
STARLINK-33655          
1 63424U 25065AB  25115.75002315 -.01486242  00000+0 -17689-1 0  9994
2 63424  42.9995 110.6828 0001438 267.7714  20.2032 15.63172346  4781
STARLINK-33608          
1 63425U 25065AC  25119.16667824 -.01530195  00000+0 -27201-1 0  9994
2 63425  43.0002  90.5037 0001445 280.4037 104.5978 15.52215503  5270
STARLINK-33615          
1 63426U 25065AD  25119.16667824 -.01533593  00000+0 -27265-1 0  9990
2 63426  43.0002  90.4929 0001575 280.2566 108.5788 15.52217157  5279
2025-067A               
1 63428U 25067A   25119.18231352  .00082526  00000+0  18519-2 0  9994
2 63428  54.9952  83.0088 0008340  17.5247 342.6069 15.42707415  4322
2025-067B               
1 63429U 25067B   25119.13698802  .00019426  00000+0  50333-3 0  9997
2 63429  54.9954  83.4195 0013304  22.1244 338.0356 15.39021867  4327
2025-067C               
1 63430U 25067C   25119.20291291  .00016286  00000+0  42378-3 0  9999
2 63430  54.9959  83.1337 0011899  18.1210 342.0240 15.39040019  4321
2025-067D               
1 63431U 25067D   25118.55524440  .00020706  00000+0  53439-3 0  9994
2 63431  54.9963  86.0697 0010714  13.7456 346.3862 15.39129549  4228
TIANPING-3A 02          
1 63432U 25068A   25119.15378034  .00006475  00000+0  48398-3 0  9994
2 63432  43.0060  76.9861 0245163 259.1532  98.1625 14.82413348  3842
STARLINK-33682          
1 63433U 25069A   25119.16667824 -.01512712  00000+0 -30761-1 0  9997
2 63433  53.1595 172.7754 0001508  89.9260  59.9673 15.48651787  5118
STARLINK-33710          
1 63434U 25069B   25119.25002315 -.01538965  00000+0 -34829-1 0  9993
2 63434  53.1595 172.3882 0001236  90.1273 159.4957 15.45643860  5125
STARLINK-33733          
1 63435U 25069C   25119.16667824 -.00307662  00000+0 -57232-2 0  9997
2 63435  53.1594 172.7678 0001383  90.3360  63.6321 15.49410995  5063
STARLINK-33638          
1 63436U 25069D   25119.16667824  .00023374  00000+0  42713-3 0  9990
2 63436  53.1595 172.7637 0001274  89.1364  66.7639 15.49304575  5117
STARLINK-33726          
1 63437U 25069E   25118.91668981 -.01518415  00000+0 -30974-1 0  9990
2 63437  53.1595 173.9553 0001161  76.8067 125.5940 15.48576818  5126
STARLINK-33681          
1 63438U 25069F   25118.91668981  .00003867  00000+0  77538-4 0  9998
2 63438  53.1595 173.9508 0001254  77.4818 127.1470 15.49312741  5121
STARLINK-33730          
1 63439U 25069G   25119.16667824  .00027157  00000+0  49479-3 0  9992
2 63439  53.1595 172.7504 0000966  78.9398  82.7187 15.49300011  5110
STARLINK-33743          
1 63440U 25069H   25118.91668981 -.00006980  00000+0 -11751-3 0  9996
2 63440  53.1595 173.9427 0001267  77.0820 131.3793 15.49316387  5122
STARLINK-33715          
1 63441U 25069J   25118.91668981  .00011836  00000+0  22053-3 0  9998
2 63441  53.1595 173.9385 0001283  75.9818 134.3972 15.49310608  5120
STARLINK-33762          
1 63442U 25069K   25118.91668981 -.01512977  00000+0 -34408-1 0  9999
2 63442  53.1595 173.9508 0001276  81.3102 122.7027 15.45450404  5124
STARLINK-33753          
1 63443U 25069L   25119.16667824  .00003635  00000+0  73361-4 0  9990
2 63443  53.1594 172.7349 0001341  85.6551  83.6646 15.49316138  5112
STARLINK-33747          
1 63444U 25069M   25119.16667824 -.00035110  00000+0 -62540-3 0  9992
2 63444  53.1595 172.7307 0001370  84.7827  86.4431 15.49337851  5057
STARLINK-33659          
1 63445U 25069N   25119.16667824 -.00036169  00000+0 -64461-3 0  9992
2 63445  53.1594 172.7271 0001336  85.3783  87.7647 15.49336666  5053
STARLINK-33746          
1 63446U 25069P   25118.91668981  .00009055  00000+0  17064-3 0  9999
2 63446  53.1595 173.9182 0001247  75.2586 144.6983 15.49314779  5012
STARLINK-33799          
1 63447U 25069Q   25118.91668981 -.00004897  00000+0 -80012-4 0  9995
2 63447  53.1595 173.9143 0001327  74.9808 146.9005 15.49318560  5070
STARLINK-33797          
1 63448U 25069R   25119.16667824  .00004124  00000+0  82172-4 0  9999
2 63448  53.1595 172.7137 0000907  73.8252 105.0758 15.49308246  5065
STARLINK-33798          
1 63449U 25069S   25118.91668981 -.00021249  00000+0 -37482-3 0  9999
2 63449  53.1595 173.9061 0001348  74.4563 151.2595 15.49324719  5073
STARLINK-33736          
1 63450U 25069T   25115.75002315 -.02187092  00000+0 -33140-1 0  9999
2 63450  53.1595 189.0932 0001399  80.4263  90.4238 15.57359855  4536
STARLINK-33740          
1 63451U 25069U   25118.91668981 -.00006186  00000+0 -10322-3 0  9999
2 63451  53.1594 173.8948 0001352  74.3496 157.1194 15.49316054  5126
STARLINK-33763          
1 63452U 25069V   25118.91668981 -.00024517  00000+0 -43387-3 0  9995
2 63452  53.1594 173.8989 0000861  62.2045 167.3362 15.49327146  5126
STARLINK-33784          
1 63453U 25069W   25115.75002315 -.02190463  00000+0 -33195-1 0  9998
2 63453  53.1595 189.0814 0001180  86.7941  89.8024 15.57364181  4575
STARLINK-33768          
1 63454U 25069X   25118.91668981 -.00000358  00000+0  16279-5 0  9995
2 63454  53.1594 173.8864 0001362  73.3150 161.9842 15.49310519  5126
STARLINK-33761          
1 63455U 25069Y   25118.91668981 -.00006296  00000+0 -10520-3 0  9995
2 63455  53.1594 173.8830 0001384  73.7750 163.4401 15.49315734  5014
STARLINK-33737          
1 63456U 25069Z   25119.16667824 -.00028965  00000+0 -51423-3 0  9993
2 63456  53.1592 172.6834 0001444  82.5791 111.6496 15.49331312  4999
STARLINK-33795          
1 63457U 25069AA  25119.16667824  .00002977  00000+0  61565-4 0  9996
2 63457  53.1592 172.6718 0001434  80.5411 119.4521 15.49314244  5000
STARLINK-33756          
1 63458U 25069AB  25119.16667824 -.00015987  00000+0 -27982-3 0  9998
2 63458  53.1592 172.6759 0001537  90.6556 107.4214 15.49323256  5113
STARLINK-33780          
1 63459U 25069AC  25119.16667824  .00009217  00000+0  17358-3 0  9992
2 63459  53.1593 172.6795 0001449  79.9150 116.2378 15.49311144  5007
STARLINK-33679          
1 63460U 25070A   25119.16667824 -.00134994  00000+0 -32771-2 0  9994
2 63460  42.9999 239.3597 0001389 262.3001 203.4461 15.40742720  4822
STARLINK-33706          
1 63461U 25070B   25119.16667824 -.01794231  00000+0 -35610-1 0  9996
2 63461  43.0002 238.0364 0001567 265.9233  17.0231 15.49664716  4834
STARLINK-33691          
1 63462U 25070C   25118.91668981  .00039345  00000+0  67339-3 0  9994
2 63462  43.0000 239.4943 0001491 279.0398  49.1102 15.50567606  4807
STARLINK-33696          
1 63463U 25070D   25119.16667824 -.01789376  00000+0 -37833-1 0  9991
2 63463  43.0001 238.0346 0001510 254.1361  29.6543 15.47872784  4845
STARLINK-33701          
1 63464U 25070E   25119.16667824 -.00020380  00000+0 -34226-3 0  9999
2 63464  43.0001 238.0199 0001665 265.0049  24.1042 15.50594702  4835
STARLINK-33685          
1 63465U 25070F   25119.16667824 -.00019717  00000+0 -33094-3 0  9994
2 63465  43.0000 238.0166 0001665 265.6913  25.3375 15.50592873  4834
STARLINK-33654          
1 63466U 25070G   25119.16667824  .00058839  00000+0  10024-2 0  9998
2 63466  43.0000 238.0066 0001604 265.6350  29.2332 15.50546239  4833
STARLINK-33697          
1 63467U 25070H   25119.16667824 -.01303937  00000+0 -26983-1 0  9994
2 63467  43.0002 238.1479 0001162 259.5172 336.7387 15.47977752  4849
STARLINK-33720          
1 63468U 25070J   25119.16667824 -.00020172  00000+0 -33874-3 0  9990
2 63468  43.0001 238.0015 0001690 264.6173  32.1598 15.50591738  4838
STARLINK-33587          
1 63469U 25070K   25119.16667824  .00013502  00000+0  23569-3 0  9998
2 63469  43.0000 237.9974 0001568 266.1687  32.5467 15.50563908  4838
STARLINK-33637          
1 63470U 25070L   25119.16667824  .00067488  00000+0  11480-2 0  9990
2 63470  43.0000 237.9924 0001673 270.8039  29.7192 15.50536938  4831
STARLINK-33744          
1 63471U 25070M   25119.16667824 -.00077667  00000+0 -13295-2 0  9999
2 63471  43.0000 237.9873 0001622 269.7031  32.8508 15.50614474  4836
STARLINK-33766          
1 63472U 25070N   25119.16667824 -.01785785  00000+0 -36652-1 0  9999
2 63472  42.9999 237.9861 0001687 259.0390  43.7807 15.48703835  4830
STARLINK-33765          
1 63473U 25070P   25119.16667824 -.00008087  00000+0 -13215-3 0  9994
2 63473  43.0001 237.9769 0001322 267.8136  38.5600 15.50581997  4845
STARLINK-33735          
1 63474U 25070Q   25118.91668981 -.00029786  00000+0 -50367-3 0  9990
2 63474  43.0000 239.4353 0001470 270.7511  80.4199 15.50587640  4845
STARLINK-33731          
1 63475U 25070R   25119.16667824  .00006700  00000+0  11992-3 0  9994
2 63475  42.9999 237.9676 0001433 269.2944  40.9018 15.50582694  4849
STARLINK-33718          
1 63476U 25070S   25118.91668981 -.00020548  00000+0 -34519-3 0  9990
2 63476  43.0000 239.4262 0001502 277.0167  77.9771 15.50592002  4844
STARLINK-33630          
1 63477U 25070T   25118.69642489  .00042128  00000+0  37148-3 0  9998
2 63477  43.0004 240.3289 0000812  19.6264 340.4634 15.67986304  4789
STARLINK-33695          
1 63478U 25070U   25119.16667824 -.01337634  00000+0 -14902-1 0  9995
2 63478  42.9994 237.5155 0001324 257.5029 236.5440 15.64999221  4843
STARLINK-33713          
1 63479U 25070V   25119.16667824 -.01336399  00000+0 -14885-1 0  9993
2 63479  42.9994 237.5063 0001566 265.7928 232.0879 15.64999320  4846
STARLINK-33721          
1 63480U 25070W   25118.69605996 -.00347152  00000+0 -32964-2 0  9991
2 63480  42.9993 240.3269 0002128 317.9834  42.0868 15.67041538  4780
STARLINK-33639          
1 63481U 25070X   25119.16667824 -.01338481  00000+0 -14913-1 0  9992
2 63481  42.9995 237.4964 0001242 258.2008 243.5153 15.64999402  4849
STARLINK-33667          
1 63482U 25070Y   25119.16667824  .00131870  00000+0  12093-2 0  9991
2 63482  42.9994 237.4971 0001615 240.1673 261.0774 15.66581743  4840
STARLINK-33688          
1 63483U 25070Z   25119.16667824 -.01483998  00000+0 -24020-1 0  9998
2 63483  42.9999 237.2845 0001492 254.1453 330.4269 15.55165369  4848
STARLINK-33700          
1 63484U 25070AA  25119.16667824 -.01904853  00000+0 -31862-1 0  9999
2 63484  43.0000 237.3223 0001184 259.5500 309.4985 15.54584085  4845
STARLINK-33687          
1 63485U 25070AB  25108.66668981 -.01944093  10525-2 -49425-2 0  9999
2 63485  42.9979 299.8501 0001772 261.4728 201.4967 15.94659712  3202
STARLINK-33716          
1 63486U 25070AC  25119.16667824  .00061072  00000+0  10418-2 0  9990
2 63486  42.9997 237.7224 0001113 247.5254 159.6344 15.50496035  4847
STARLINK-33754          
1 63487U 25070AD  25119.16667824 -.01482106  00000+0 -23988-1 0  9994
2 63487  42.9999 237.2940 0001399 252.2634 328.4755 15.55163647  4848
POSAT-2                 
1 63488U 25009DR  25118.91305383  .00012885  00000+0  95486-3 0  9992
2 63488  97.5195 198.9900 0008389 120.0863 240.1195 15.03211450  4234
2025-052BK              
1 63489U 25052BK  25118.85588235  .00008678  00000+0  44365-3 0  9998
2 63489  97.4431  13.3529 0007506 162.6118 197.5374 15.16872606  6909
HYDRA-W                 
1 63490U 25052BL  25118.86600034  .00038531  00000+0  17373-2 0  9992
2 63490  97.4363  13.4761 0013793 148.8722 211.3333 15.20833735  6912
UNICORN-2Q              
1 63491U 25052BM  25118.85326429  .00057979  00000+0  24985-2 0  9999
2 63491  97.4362  13.4922 0014433 149.2337 210.9748 15.22263389  6919
HADES-ICM               
1 63492U 25052BN  25118.93669070  .00035734  00000+0  16264-2 0  9997
2 63492  97.4369  13.5368 0013907 152.3079 207.8900 15.20526467  6928
STARLINK-33828          
1 63493U 25071A   25119.16667824 -.01474332  00000+0 -20383-1 0  9990
2 63493  53.1592 166.7276 0001181  93.9774 218.6443 15.59542272  4517
STARLINK-33819          
1 63494U 25071B   25119.16667824 -.01479007  00000+0 -20454-1 0  9994
2 63494  53.1592 166.7237 0001095  92.5360 222.0031 15.59544670  4511
STARLINK-33845          
1 63495U 25071C   25118.91668981 -.01454370  00000+0 -19489-1 0  9994
2 63495  53.1591 167.9343 0000736  77.0833 274.7231 15.60314702  4515
STARLINK-33829          
1 63496U 25071D   25119.16667824 -.01482255  00000+0 -20504-1 0  9991
2 63496  53.1591 166.7156 0000968  84.5816 233.7926 15.59546108  4472
STARLINK-33815          
1 63497U 25071E   25118.91668981 -.01457110  00000+0 -19527-1 0  9994
2 63497  53.1591 167.9261 0000983  82.0606 273.5795 15.60316514  4531
STARLINK-33833          
1 63498U 25071F   25119.16667824 -.01476560  00000+0 -20417-1 0  9998
2 63498  53.1591 166.7037 0001144  92.3311 231.7924 15.59543151  4534
STARLINK-33534          
1 63499U 25071G   25118.91668981 -.01455548  00000+0 -19505-1 0  9995
2 63499  53.1591 167.9223 0000832  80.4867 277.0698 15.60316025  4511
STARLINK-33838          
1 63500U 25071H   25118.91668981 -.01456161  00000+0 -19513-1 0  9999
2 63500  53.1590 167.9066 0000887  80.0492 285.1736 15.60317105  4320
STARLINK-33837          
1 63501U 25071J   25119.16667824 -.01476716  00000+0 -20420-1 0  9990
2 63501  53.1591 166.7001 0001080  89.8477 236.1930 15.59542995  4477
STARLINK-33818          
1 63502U 25071K   25118.91668981 -.01456490  00000+0 -19519-1 0  9992
2 63502  53.1590 167.8948 0000798  81.6337 289.3411 15.60316434  4539
STARLINK-33583          
1 63503U 25071L   25115.33335648  .00149468  00000+0  10872-2 0  9992
2 63503  53.1592 185.4737 0000871  75.4012 236.6178 15.72392540  3930
STARLINK-33811          
1 63504U 25071M   25118.91668981 -.01456716  00000+0 -19522-1 0  9999
2 63504  53.1591 167.9024 0000968  80.5848 286.5580 15.60315468  4477
STARLINK-33825          
1 63505U 25071N   25115.75002315 -.01398092  00000+0 -12789-1 0  9992
2 63505  53.1595 183.4063 0001114  64.5228  90.2399 15.70151760  4007
STARLINK-33792          
1 63506U 25071P   25118.91668981 -.01455123  00000+0 -19499-1 0  9995
2 63506  53.1591 167.8908 0000916  79.8191 293.0739 15.60314834  4479
STARLINK-33843          
1 63507U 25071Q   25119.21187112  .00002912  00000+0  24185-4 0  9994
2 63507  53.1582 166.2004 0002358  24.4537 335.6594 15.74185017  4524
STARLINK-33809          
1 63508U 25071R   25119.21152689 -.00002334  00000+0 -11644-4 0  9992
2 63508  53.1584 166.1935 0001249 121.1207 238.9936 15.74182406  4485
STARLINK-33678          
1 63509U 25071S   25118.51283011 -.00000373  00000+0  17509-5 0  9996
2 63509  53.1593 169.6554 0001430 126.4765 233.6387 15.74169981  4160
STARLINK-33764          
1 63510U 25071T   25119.21086227  .00019813  00000+0  13928-3 0  9993
2 63510  53.1584 166.1917 0001943  56.9373 303.1833 15.74184973  4525
STARLINK-33804          
1 63511U 25071U   25119.21052710  .00000739  00000+0  93515-5 0  9993
2 63511  53.1590 166.1846 0001657  84.4429 275.6780 15.74173397  4177
STARLINK-33751          
1 63512U 25071V   25118.44831858  .00002433  00000+0  20920-4 0  9998
2 63512  53.1573 169.9631 0001650 141.9593 218.1544 15.74172855  4400
STARLINK-33750          
1 63513U 25071W   25118.51147980 -.00009829  00000+0 -63008-4 0  9995
2 63513  53.1579 169.6460 0001390  75.2157 284.9016 15.74144918  4415
STARLINK-33786          
1 63514U 25071X   25118.38415516  .00011710  00000+0  84173-4 0  9990
2 63514  53.1576 170.2732 0001371 117.4762 242.6398 15.74180377  4034
STARLINK-33796          
1 63515U 25071Y   25118.44696847 -.00001412  00000+0 -53443-5 0  9993
2 63515  53.1598 169.9542 0001241  78.9266 281.1894 15.74180887  4427
STARLINK-33785          
1 63516U 25071Z   25118.51079768  .00064889  00000+0  44564-3 0  9996
2 63516  53.1569 169.6417 0002010 116.9697 243.1528 15.74099332  4415
STARLINK-33803          
1 63517U 25071AA  25115.26447379 -.00812875  00000+0 -58318-2 0  9992
2 63517  53.1553 185.6513 0001875 122.3865 237.7337 15.75221221  3927
STARLINK-33807          
1 63518U 25071AB  25118.50943990  .00047539  00000+0  32697-3 0  9991
2 63518  53.1572 169.6328 0001578 126.8437 233.2728 15.74194738  4432
STARLINK-33787          
1 63519U 25071AC  25118.76372126 -.00000430  00000+0  13626-5 0  9990
2 63519  53.1591 168.3746 0001333  87.7133 272.4039 15.74186655  4104
SOYUZ-MS 27             
1 63520U 25072A   25118.69904601  .00018272  00000+0  33462-3 0  9994
2 63520  51.6381 192.1629 0002672  81.2921  56.6448 15.49375691  2489
TJS-17                  
1 63524U 25073A   25118.96606806 -.00000177  00000+0  00000+0 0  9999
2 63524   0.0338 335.6568 0000423 101.3735 280.6961  1.00271110   130
CZ-3B R/B               
1 63525U 25073B   25118.78134794  .00085891  59863-6  66753-3 0  9996
2 63525  19.1370  81.1689 7348084 192.7711 125.8300  2.25023815   400
STARLINK-11669 [DTC]    
1 63548U 25075A   25119.00002315 -.00020301  00000+0 -11401-3 0  9991
2 63548  42.9996 253.5985 0001986 263.8980  84.9459 15.77865096  3718
STARLINK-11665 [DTC]    
1 63549U 25075B   25119.16667824  .00050880  00000+0  29386-3 0  9995
2 63549  43.0002 252.5138 0001743 266.8849 337.5286 15.77827976  3749
STARLINK-11667 [DTC]    
1 63550U 25075C   25118.91668981 -.00004122  00000+0 -20810-4 0  9998
2 63550  43.0000 253.9692 0002096 263.7184  26.6733 15.77870509  3720
STARLINK-11695 [DTC]    
1 63551U 25075D   25115.33335648 -.00412100  00000+0 -17853-2 0  9993
2 63551  43.0027 275.8403 0002525 232.2337 179.6549 15.84896937  3142
STARLINK-11685 [DTC]    
1 63552U 25075E   25116.00002315  .00061821  00000+0  25859-3 0  9995
2 63552  43.0026 271.7339 0001967 281.2297 341.1104 15.84731505  3257
STARLINK-11697 [DTC]    
1 63553U 25075F   25116.00002315  .00033739  00000+0  14252-3 0  9998
2 63553  43.0026 271.7271 0002893 249.2171  15.8204 15.84745512  3256
STARLINK-11680 [DTC]    
1 63554U 25075G   25116.00002315  .00009250  00000+0  40836-4 0  9998
2 63554  43.0027 271.7180 0002295 247.3182  21.1723 15.84766709  3251
STARLINK-11687 [DTC]    
1 63555U 25075H   25116.00002315 -.00061771  00000+0 -25669-3 0  9993
2 63555  43.0027 271.7123 0002434 268.3153   2.5612 15.84782317  3258
STARLINK-11626 [DTC]    
1 63556U 25075J   25116.00002315  .00068649  00000+0  28686-3 0  9995
2 63556  43.0026 271.7040 0002301 288.1545 345.8174 15.84716953  3253
STARLINK-11668 [DTC]    
1 63557U 25075K   25116.00002315  .00055564  00000+0  23263-3 0  9994
2 63557  43.0025 271.6976 0002623 252.7452  23.7697 15.84746592  3255
STARLINK-11657 [DTC]    
1 63558U 25075L   25116.00002315 -.00141130  00000+0 -59474-3 0  9995
2 63558  43.0026 271.6873 0001288 276.2397   4.2899 15.84789790  3253
STARLINK-11606 [DTC]    
1 63559U 25075M   25116.00002315  .00027058  00000+0  11479-3 0  9999
2 63559  43.0026 271.6807 0002541 295.8822 347.5628 15.84757312  3252
STARLINK-11592 [DTC]    
1 63560U 25075N   25116.00002315 -.00017928  00000+0 -72466-4 0  9992
2 63560  43.0024 271.6755 0002302 258.4377  26.7806 15.84785233  3256
STARLINK-32953          
1 63561U 25075P   25119.16667824 -.01456270  00000+0 -14828-1 0  9998
2 63561  43.0007 252.7146 0001395 260.3814 262.6095 15.66984008  3747
STARLINK-32951          
1 63562U 25075Q   25114.00002315 -.00975043  00000+0 -37864-2 0  9994
2 63562  43.0021 283.8763 0002225 278.6261 144.3562 15.88409408  2952
STARLINK-32958          
1 63563U 25075R   25119.16667824 -.01451554  00000+0 -14776-1 0  9992
2 63563  43.0006 252.7096 0001469 262.5879 262.3211 15.66980958  3757
STARLINK-32928          
1 63564U 25075S   25119.16667824 -.01451410  00000+0 -14775-1 0  9993
2 63564  43.0006 252.7047 0001570 267.9065 258.9224 15.66978978  3757
STARLINK-32687          
1 63565U 25075T   25114.00002315 -.01033885  00000+0 -40142-2 0  9990
2 63565  43.0024 283.8679 0001669 266.5128 159.9911 15.88555740  2954
STARLINK-32950          
1 63566U 25075U   25118.37974864 -.00209544  00000+0 -89507-3 0  9997
2 63566  43.0007 256.6240 0002750 250.9271 109.1304 15.84689330  3645
STARLINK-32954          
1 63567U 25075V   25114.00002315 -.01068629  00000+0 -41528-2 0  9995
2 63567  43.0023 283.8519 0002005 275.4222 157.4563 15.88615449  2956
STARLINK-32940          
1 63568U 25075W   25119.16667824 -.00134857  00000+0 -88662-3 0  9997
2 63568  43.0008 252.1941 0001778 269.2312 102.0760 15.75095921  3763
STARLINK-32959          
1 63569U 25076A   25118.91668981 -.01344680  00000+0 -11328-1 0  9997
2 63569  42.9999 308.8470 0001510 262.0395  23.4750 15.71741321  3362
STARLINK-32956          
1 63570U 25076B   25118.91668981 -.01357386  00000+0 -11444-1 0  9995
2 63570  42.9999 308.8417 0001474 259.3557  28.0727 15.71750537  3525
STARLINK-33722          
1 63571U 25076C   25118.91668981 -.00843614  00000+0 -42058-2 0  9995
2 63571  42.9993 308.0542 0001666 260.1917 340.2739 15.83015800  3571
STARLINK-33739          
1 63572U 25076D   25118.91668981 -.00845276  00000+0 -42149-2 0  9993
2 63572  42.9994 308.0490 0001953 265.1551 337.5719 15.83013034  3522
STARLINK-33683          
1 63573U 25076E   25118.91668981 -.00891239  00000+0 -44934-2 0  9998
2 63573  42.9992 308.0289 0001764 265.5800 344.8187 15.82896817  3468
STARLINK-33724          
1 63574U 25076F   25118.91668981 -.01247352  00000+0 -73757-2 0  9996
2 63574  42.9990 307.8941 0001853 267.1514  35.9586 15.79938674  3418
STARLINK-33732          
1 63575U 25076G   25118.91668981 -.00869608  00000+0 -43632-2 0  9999
2 63575  42.9994 308.0383 0001934 267.2093 339.6597 15.82943048  3364
STARLINK-33800          
1 63576U 25076H   25118.91668981 -.00888911  00000+0 -44910-2 0  9998
2 63576  42.9992 308.0207 0001933 265.1842 348.4143 15.82845642  3575
STARLINK-33632          
1 63577U 25076J   25118.91668981 -.00919590  00000+0 -46974-2 0  9999
2 63577  42.9991 307.9948 0001944 269.7842 354.0478 15.82690637  3551
STARLINK-33719          
1 63578U 25076K   25118.91668981 -.00898102  00000+0 -45572-2 0  9998
2 63578  42.9994 308.0118 0001949 265.1128 352.2681 15.82776981  3528
STARLINK-33755          
1 63579U 25076L   25118.00002315  .00746329  25272-3  15925-2 0  9994
2 63579  42.9992 313.3666 0005846 282.9892 251.5184 15.97791354  3446
STARLINK-33752          
1 63580U 25076M   25118.91668981 -.00927498  00000+0 -47446-2 0  9994
2 63580  42.9992 307.9886 0001965 268.0307 358.2834 15.82679989  3478
STARLINK-33714          
1 63581U 25076N   25118.91668981 -.00970725  00000+0 -50128-2 0  9997
2 63581  42.9990 307.9776 0001950 267.2765   3.3555 15.82590375  3477
STARLINK-33814          
1 63582U 25076P   25118.91668981 -.00976403  00000+0 -50477-2 0  9994
2 63582  42.9991 307.9719 0001928 267.2048   5.7133 15.82581703  3412
STARLINK-33817          
1 63583U 25076Q   25118.91668981 -.00985457  00000+0 -51032-2 0  9992
2 63583  42.9992 307.9656 0002034 270.7275   4.6496 15.82567558  3360
STARLINK-33820          
1 63584U 25076R   25118.91668981 -.01006741  00000+0 -52690-2 0  9995
2 63584  42.9991 307.9423 0001958 268.7008  16.0196 15.82399373  3572
STARLINK-33813          
1 63585U 25076S   25118.91668981 -.00992341  00000+0 -51590-2 0  9993
2 63585  42.9993 307.9580 0001958 269.7416   8.8828 15.82503574  3406
STARLINK-33834          
1 63586U 25076T   25118.91668981 -.01018149  00000+0 -53634-2 0  9991
2 63586  42.9990 307.9316 0002030 267.0605  21.6448 15.82290973  3579
STARLINK-33830          
1 63587U 25076U   25118.91668981 -.01119091  00000+0 -59023-2 0  9998
2 63587  42.9990 307.9123 0001831 266.4325  29.9834 15.82096997  3554
STARLINK-33651          
1 63588U 25076V   25118.91668981 -.01061340  00000+0 -56461-2 0  9995
2 63588  42.9994 307.9227 0001945 266.2213  26.4286 15.82196407  3576
STARLINK-33788          
1 63589U 25076W   25118.91668981 -.01003939  00000+0 -52449-2 0  9998
2 63589  42.9991 307.9488 0001946 267.9166  14.1641 15.82430218  3412
STARLINK-33805          
1 63590U 25076X   25118.91668981 -.01124537  00000+0 -59731-2 0  9999
2 63590  42.9991 307.9022 0001990 269.5973  30.7400 15.81957428  3526
STARLINK-33702          
1 63591U 25076Y   25118.91668981 -.01138108  00000+0 -60833-2 0  9994
2 63591  42.9991 307.8937 0001968 267.3076  36.5279 15.81853919  3557
STARLINK-33666          
1 63592U 25076Z   25118.91668981 -.01147072  00000+0 -61523-2 0  9992
2 63592  42.9990 307.8868 0001860 268.7076  37.8880 15.81801801  3551
STARLINK-33723          
1 63593U 25076AA  25118.91668981 -.01175590  00000+0 -63532-2 0  9991
2 63593  42.9991 307.8782 0001917 267.3030  42.7525 15.81702744  3362
STARLINK-33791          
1 63594U 25076AB  25118.91668981 -.01219573  00000+0 -66585-2 0  9993
2 63594  42.9988 307.8676 0001954 267.4830  46.2243 15.81582596  3368
STARLINK-33831          
1 63595U 25076AC  25119.16667824  .00352711  56700-4  89241-3 0  9994
2 63595  42.9984 306.0860 0004750 284.9258 112.2068 15.94717265  3395
SHIYAN-27 A             
1 63599U 25078A   25117.77395430  .00000103  00000+0  17350-3 0  9990
2 63599  99.6920 126.2383 0005953 208.7295 151.3523 13.68549244  1185
SHIYAN-27 B             
1 63600U 25078B   25118.91549429  .00000179  00000+0  31325-3 0  9990
2 63600  99.6936 127.2838 0000949  88.1964 271.9283 13.57195892  1337
SHIYAN-27 C             
1 63601U 25078C   25118.94534612  .00000071  00000+0  13680-3 0  9997
2 63601  99.6933 127.4139 0007024 206.5820 153.4966 13.68321707  1340
SHIYAN-27 D             
1 63602U 25078D   25118.92775837  .00000088  00000+0  18553-3 0  9994
2 63602  99.6955 127.2705 0000957  89.4169 270.7078 13.57196760  1337
SHIYAN-27 E             
1 63603U 25078E   25118.97686930  .00000086  00000+0  18210-3 0  9993
2 63603  99.6922 127.3691 0000973  91.3866 268.7384 13.57197325  1347
SHIYAN-27 F             
1 63604U 25078F   25117.77785066  .00000132  00000+0  20891-3 0  9991
2 63604  99.6918 126.2327 0009119 198.5936 161.4877 13.67948770  1183
CZ-6A R/B               
1 63605U 25078G   25118.97234164  .00000011  00000+0  42175-4 0  9999
2 63605  99.7025 127.9100 0107223  82.2818 279.0501 13.94744750  1377
DRAGON CRS-32           
1 63628U 25080A   25112.61160205  .00023037  00000+0  41242-3 0  9992
2 63628  51.6358 222.3046 0005488  64.0762 296.0791 15.49852613506542
TJS-17 AKM              
1 63629U 25073C   25118.14791094 -.00000006  00000+0  00000+0 0  9990
2 63629   0.0390 356.0897 0010525 162.6782 201.2815  0.98858721   134
425SAT-3                
1 63630U 25081A   25118.95340475  .00007269  00000+0  64055-3 0  9994
2 63630  45.3996 323.4510 0005755 204.8860 155.1741 14.97038339  1039
TOMORROW-S9             
1 63631U 25081B   25118.55028349  .00003732  00000+0  33339-3 0  9996
2 63631  45.3933 325.4993 0002725 217.0221 143.0469 14.97627242   971
SHENZHOU-20 (SZ-20)     
1 63632U 25082A   25116.06094918  .00104195  00000+0  10020-2 0  9993
2 63632  41.4601 337.2272 0010417 289.8292  70.1425 15.65395281228003
CZ-2F R/B               
1 63633U 25082B   25118.86167550  .01615468  76413-5  72915-3 0  9997
2 63633  41.4628 318.7894 0078271 162.2080 286.1119 16.13685159   678
TIANLIAN 2-05           
1 63662U 25084A   25117.86385381  .00207275  20167-6  15919-1 0  9991
2 63662  27.1486  91.6061 7303941 179.5670 151.9250  2.27985200    06
CZ-3B R/B               
1 63663U 25084B   25117.83925598  .00433969  17949-6  15919-1 0  9994
2 63663  27.0873  92.0555 7243870 178.5819 136.9209  2.36771535    08
HULIANWANG DIGUI B      
1 63688U 25086B   25119.05557494  .00000015  00000+0  00000+0 0  9993
2 63688  86.5076  92.8217 0009233 297.6028 176.7752 13.41660077    05
HULIANWANG DIGUI D      
1 63690U 25086D   25119.05538995  .00000015  00000+0  00000+0 0  9991
2 63690  86.5053  92.8192 0009592 297.0016 176.4188 13.41563119    03
HULIANWANG DIGUI E      
1 63691U 25086E   25119.05066870  .00000015  00000+0  00000+0 0  9990
2 63691  86.5059  92.8179 0010243 294.8499 155.7384 13.41503615    03
HULIANWANG DIGUI F      
1 63692U 25086F   25119.05549657  .00000015  00000+0  00000+0 0  9990
2 63692  86.5006  92.8176 0010062 303.9011 169.9172 13.41379219    07
HULIANWANG DIGUI G      
1 63693U 25086G   25119.05552355  .00000015  00000+0  00000+0 0  9990
2 63693  86.5031  92.8059 0009947 304.0817 169.8380 13.41319954    02
HULIANWANG DIGUI J      
1 63695U 25086J   25119.05066228  .00000015  00000+0  00000+0 0  9991
2 63695  86.4956  92.8109 0010149 304.6610 145.7115 13.41191418    00
HULIANWANG DIGUI K      
1 63696U 25086K   25119.05276572  .00000015  00000+0  00000+0 0  9997
2 63696  86.4986  92.8128 0011032 299.5460 160.9600 13.41180889    00
